3.)1*2^3 
4.)1*16^5
5.)3*16^3
6.)2*16^7
7.)12*16^3
8.)10*16^4
------------------------------------------
10.)00010000
11.)00000011
12.)00001011
13.)01000010
--------------------------------------
15.)12
16.)8
17.)13
18.)15
---------------------------------------
20.)0x0F
21.)0x42
22.)0x20
23.)0xB0
-----------------------------------------
26.)0
27.)15
28.)0010
------------------------------------------
31.)2
32.)16
33.)4
34.)0
----------------------------------------------
36.)11111110
37.)11000001
38.)11110100
----------------------------------------------
39.)8
40.)4